9 1 10 1
9 2 11 0
9 3 12 1
9 4 13 0
9 5 14 1
9 6 15 0
9 7 16 9
9 8 17 8
9 9 18 7
9 10 19 6
9 11 20 5
9 12 21 4
9 13 22 3
9 14 23 2
9 15 24 1
9 16 25 0
9 17 26 1
9 18 27 0
9 19 28 1
9 20 29 0
9 21 30 1
9 22 31 0
9 23 32 9
9 24 33 8
9 25 34 7
9 26 35 6
9 27 36 5
9 28 37 4
9 29 38 3
9 30 39 2
9 31 40 1
9 32 41 0
9 33 42 1
9 34 43 0
9 35 44 1
9 36 45 0
9 37 46 1
9 38 47 0
9 39 48 9
9 40 49 8
9 41 50 7
9 42 51 6
9 43 52 5
9 44 53 4
9 45 54 3
9 46 55 2
9 47 56 1
9 48 57 0
9 49 58 1
9 50 59 0
9 51 60 1
9 52 61 0
9 53 62 1
9 54 63 0
9 55 64 9
9 56 65 8
9 57 66 7
9 58 67 6
9 59 68 5
9 60 69 4
9 61 70 3
9 62 71 2
9 63 72 1
9 64 73 0
9 65 74 1
9 66 75 0
9 67 76 1
9 68 77 0
9 69 78 1
9 70 79 0
9 71 80 9
9 72 81 8
9 73 82 7
9 74 83 6
9 75 84 5
9 76 85 4
9 77 86 3
9 78 87 2
9 79 88 1
9 80 89 0
9 81 90 1
9 82 91 0
9 83 92 1
9 84 93 0
9 85 94 1
9 86 95 0
9 87 96 9
9 88 97 8
9 89 98 7
9 90 99 6
9 91 100 5
9 92 101 4
9 93 102 3
9 94 103 2
9 95 104 1
9 96 105 0
9 97 106 1
9 98 107 0
9 99 108 1
9 100 109 0
9 101 110 1
9 102 111 0
9 103 112 9
9 104 113 8
9 105 114 7
9 106 115 6
9 107 116 5
9 108 117 4
9 109 118 3
9 110 119 2
9 111 120 1
9 112 121 0
9 113 122 1
9 114 123 0
9 115 124 1
9 116 125 0
9 117 126 1
9 118 127 0
9 119 128 9
9 120 129 8
9 121 130 7
9 122 131 6
9 123 132 5
9 124 133 4
9 125 134 3
9 126 135 2
9 127 136 1
9 128 137 0
9 129 138 1
9 130 139 0
9 131 140 1
9 132 141 0
9 133 142 1
9 134 143 0
9 135 144 9
9 136 145 8
9 137 146 7
9 138 147 6
9 139 148 5
9 140 149 4
9 141 150 3
9 142 151 2
9 143 152 1
9 144 153 0
9 145 154 1
9 146 155 0
9 147 156 1
9 148 157 0
9 149 158 1
9 150 159 0
9 151 160 9
9 152 161 8
9 153 162 7
9 154 163 6
9 155 164 5
9 156 165 4
9 157 166 3
9 158 167 2
9 159 168 1
9 160 169 0
9 161 170 1
9 162 171 0
9 163 172 1
9 164 173 0
9 165 174 1
9 166 175 0
9 167 176 9
9 168 177 8
9 169 178 7
9 170 179 6
9 171 180 5
9 172 181 4
9 173 182 3
9 174 183 2
9 175 184 1
9 176 185 0
9 177 186 1
9 178 187 0
9 179 188 1
9 180 189 0
9 181 190 1
9 182 191 0
9 183 192 9
9 184 193 8
9 185 194 7
9 186 195 6
9 187 196 5
9 188 197 4
9 189 198 3
9 190 199 2
9 191 200 1
9 192 201 0
9 193 202 1
9 194 203 0
9 195 204 1
9 196 205 0
9 197 206 1
9 198 207 0
9 199 208 9
9 200 209 8
9 201 210 7
9 202 211 6
9 203 212 5
9 204 213 4
9 205 214 3
9 206 215 2
9 207 216 1
9 208 217 0
9 209 218 1
9 210 219 0
9 211 220 1
9 212 221 0
9 213 222 1
9 214 223 0
9 215 224 9
9 216 225 8
9 217 226 7
9 218 227 6
9 219 228 5
9 220 229 4
9 221 230 3
9 222 231 2
9 223 232 1
9 224 233 0
9 225 234 1
9 226 235 0
9 227 236 1
9 228 237 0
9 229 238 1
9 230 239 0
9 231 240 9
9 232 241 8
9 233 242 7
9 234 243 6
9 235 244 5
9 236 245 4
9 237 246 3
9 238 247 2
9 239 248 1
9 240 249 0
9 241 250 1
9 242 251 0
9 243 252 1
9 244 253 0
9 245 254 1
9 246 255 0
9 247 256 9
9 248 257 8
9 249 258 7
9 250 259 6
9 251 260 5
9 252 261 4
9 253 262 3
9 254 263 2
9 255 264 1
9 256 265 0
9 257 266 1
9 258 267 0
9 259 268 1
9 260 269 0
9 261 270 1
9 262 271 0
9 263 272 9
9 264 273 8
9 265 274 7
9 266 275 6
9 267 276 5
9 268 277 4
9 269 278 3
9 270 279 2
9 271 280 1
9 272 281 0
9 273 282 1
9 274 283 0
9 275 284 1
9 276 285 0
9 277 286 1
9 278 287 0
9 279 288 9
9 280 289 8
9 281 290 7
9 282 291 6
9 283 292 5
9 284 293 4
9 285 294 3
9 286 295 2
9 287 296 1
9 288 297 0
9 289 298 1
9 290 299 0
9 291 300 1
9 292 301 0
9 293 302 1
9 294 303 0
9 295 304 9
9 296 305 8
9 297 306 7
9 298 307 6
9 299 308 5
9 300 309 4
9 301 310 3
9 302 311 2
9 303 312 1
9 304 313 0
9 305 314 1
9 306 315 0
9 307 316 1
9 308 317 0
9 309 318 1
9 310 319 0
9 311 320 9
9 312 321 8
9 313 322 7
9 314 323 6
9 315 324 5
9 316 325 4
9 317 326 3
9 318 327 2
9 319 328 1
9 320 329 0
9 321 330 1
9 322 331 0
9 323 332 1
9 324 333 0
9 325 334 1
9 326 335 0
9 327 336 9
9 328 337 8
9 329 338 7
9 330 339 6
9 331 340 5
9 332 341 4
9 333 342 3
9 334 343 2
9 335 344 1
9 336 345 0
9 337 346 1
9 338 347 0
9 339 348 1
9 340 349 0
9 341 350 1
9 342 351 0
9 343 352 9
9 344 353 8
9 345 354 7
9 346 355 6
9 347 356 5
9 348 357 4
9 349 358 3
9 350 359 2
9 351 360 1
9 352 361 0
9 353 362 1
9 354 363 0
9 355 364 1
9 356 365 0
9 357 366 1
9 358 367 0
9 359 368 9
9 360 369 8
9 361 370 7
9 362 371 6
9 363 372 5
9 364 373 4
9 365 374 3
9 366 375 2
9 367 376 1
9 368 377 0
9 369 378 1
9 370 379 0
9 371 380 1
9 372 381 0
9 373 382 1
9 374 383 0
9 375 384 9
9 376 385 8
9 377 386 7
9 378 387 6
9 379 388 5
9 380 389 4
9 381 390 3
9 382 391 2
9 383 392 1
9 384 393 0
9 385 394 1
9 386 395 0
9 387 396 1
9 388 397 0
9 389 398 1
9 390 399 0
9 391 400 9
9 392 401 8
9 393 402 7
9 394 403 6
9 395 404 5
9 396 405 4
9 397 406 3
9 398 407 2
9 399 408 1
9 400 409 0
9 401 410 1
9 402 411 0
9 403 412 1
9 404 413 0
9 405 414 1
9 406 415 0
9 407 416 9
9 408 417 8
9 409 418 7
9 410 419 6
9 411 420 5
9 412 421 4
9 413 422 3
9 414 423 2
9 415 424 1
9 416 425 0
9 417 426 1
9 418 427 0
9 419 428 1
9 420 429 0
9 421 430 1
9 422 431 0
9 423 432 9
9 424 433 8
9 425 434 7
9 426 435 6
9 427 436 5
9 428 437 4
9 429 438 3
9 430 439 2
9 431 440 1
9 432 441 0
9 433 442 1
9 434 443 0
9 435 444 1
9 436 445 0
9 437 446 1
9 438 447 0
9 439 448 9
9 440 449 8
9 441 450 7
9 442 451 6
9 443 452 5
9 444 453 4
9 445 454 3
9 446 455 2
9 447 456 1
9 448 457 0
9 449 458 1
9 450 459 0
9 451 460 1
9 452 461 0
9 453 462 1
9 454 463 0
9 455 464 9
9 456 465 8
9 457 466 7
9 458 467 6
9 459 468 5
9 460 469 4
9 461 470 3
9 462 471 2
9 463 472 1
9 464 473 0
9 465 474 1
9 466 475 0
9 467 476 1
9 468 477 0
9 469 478 1
9 470 479 0
9 471 480 9
9 472 481 8
9 473 482 7
9 474 483 6
9 475 484 5
9 476 485 4
9 477 486 3
9 478 487 2
9 479 488 1
9 480 489 0
9 481 490 1
9 482 491 0
9 483 492 1
9 484 493 0
9 485 494 1
9 486 495 0
9 487 496 9
9 488 497 8
9 489 498 7
9 490 499 6
9 491 500 5
9 492 501 4
9 493 502 3
9 494 503 2
9 495 504 1
9 496 505 0
9 497 506 1
9 498 507 0
9 499 508 1
9 500 509 0
9 501 510 1
9 502 511 0
9 503 512 9
9 504 513 8
9 505 514 7
9 506 515 6
9 507 516 5
9 508 517 4
9 509 518 3
9 510 519 2
9 511 520 1
9 512 521 0
9 513 522 1
9 514 523 0
9 515 524 1
9 516 525 0
9 517 526 1
9 518 527 0
9 519 528 9
9 520 529 8
9 521 530 7
9 522 531 6
9 523 532 5
9 524 533 4
9 525 534 3
9 526 535 2
9 527 536 1
9 528 537 0
9 529 538 1
9 530 539 0
9 531 540 1
9 532 541 0
9 533 542 1
9 534 543 0
9 535 544 9
9 536 545 8
9 537 546 7
9 538 547 6
9 539 548 5
9 540 549 4
9 541 550 3
9 542 551 2
9 543 552 1
9 544 553 0
9 545 554 1
9 546 555 0
9 547 556 1
9 548 557 0
9 549 558 1
9 550 559 0
9 551 560 9
9 552 561 8
9 553 562 7
9 554 563 6
9 555 564 5
9 556 565 4
9 557 566 3
9 558 567 2
9 559 568 1
9 560 569 0
9 561 570 1
9 562 571 0
9 563 572 1
9 564 573 0
9 565 574 1
9 566 575 0
9 567 576 9
9 568 577 8
9 569 578 7
9 570 579 6
9 571 580 5
9 572 581 4
9 573 582 3
9 574 583 2
9 575 584 1
9 576 585 0
9 577 586 1
9 578 587 0
9 579 588 1
9 580 589 0
9 581 590 1
9 582 591 0
9 583 592 9
9 584 593 8
9 585 594 7
9 586 595 6
9 587 596 5
9 588 597 4
9 589 598 3
9 590 599 2
9 591 600 1
9 592 601 0
9 593 602 1
9 594 603 0
9 595 604 1
9 596 605 0
9 597 606 1
9 598 607 0
9 599 608 9
9 600 609 8
9 601 610 7
9 602 611 6
9 603 612 5
9 604 613 4
9 605 614 3
9 606 615 2
9 607 616 1
9 608 617 0
9 609 618 1
9 610 619 0
9 611 620 1
9 612 621 0
9 613 622 1
9 614 623 0
9 615 624 9
9 616 625 8
9 617 626 7
9 618 627 6
9 619 628 5
9 620 629 4
9 621 630 3
9 622 631 2
9 623 632 1
9 624 633 0
9 625 634 1
9 626 635 0
9 627 636 1
9 628 637 0
9 629 638 1
9 630 639 0
9 631 640 9
9 632 641 8
9 633 642 7
9 634 643 6
9 635 644 5
9 636 645 4
9 637 646 3
9 638 647 2
9 639 648 1
9 640 649 0
9 641 650 1
9 642 651 0
9 643 652 1
9 644 653 0
9 645 654 1
9 646 655 0
9 647 656 9
9 648 657 8
9 649 658 7
9 650 659 6
9 651 660 5
9 652 661 4
9 653 662 3
9 654 663 2
9 655 664 1
9 656 665 0
9 657 666 1
9 658 667 0
9 659 668 1
9 660 669 0
9 661 670 1
9 662 671 0
9 663 672 9
9 664 673 8
9 665 674 7
9 666 675 6
9 667 676 5
9 668 677 4
9 669 678 3
9 670 679 2
9 671 680 1
9 672 681 0
9 673 682 1
9 674 683 0
9 675 684 1
9 676 685 0
9 677 686 1
9 678 687 0
9 679 688 9
9 680 689 8
9 681 690 7
9 682 691 6
9 683 692 5
9 684 693 4
9 685 694 3
9 686 695 2
9 687 696 1
9 688 697 0
9 689 698 1
9 690 699 0
9 691 700 1
9 692 701 0
9 693 702 1
9 694 703 0
9 695 704 9
9 696 705 8
9 697 706 7
9 698 707 6
9 699 708 5
9 700 709 4
9 701 710 3
9 702 711 2
9 703 712 1
9 704 713 0
9 705 714 1
9 706 715 0
9 707 716 1
9 708 717 0
9 709 718 1
9 710 719 0
9 711 720 9
9 712 721 8
9 713 722 7
9 714 723 6
9 715 724 5
9 716 725 4
9 717 726 3
9 718 727 2
9 719 728 1
9 720 729 0
9 721 730 1
9 722 731 0
9 723 732 1
9 724 733 0
9 725 734 1
9 726 735 0
9 727 736 9
9 728 737 8
9 729 738 7
9 730 739 6
9 731 740 5
9 732 741 4
9 733 742 3
9 734 743 2
9 735 744 1
9 736 745 0
9 737 746 1
9 738 747 0
9 739 748 1
9 740 749 0
9 741 750 1
9 742 751 0
9 743 752 9
9 744 753 8
9 745 754 7
9 746 755 6
9 747 756 5
9 748 757 4
9 749 758 3
9 750 759 2
9 751 760 1
9 752 761 0
9 753 762 1
9 754 763 0
9 755 764 1
9 756 765 0
9 757 766 1
9 758 767 0
9 759 768 9
9 760 769 8
9 761 770 7
9 762 771 6
9 763 772 5
9 764 773 4
9 765 774 3
9 766 775 2
9 767 776 1
9 768 777 0
9 769 778 1
9 770 779 0
9 771 780 1
9 772 781 0
9 773 782 1
9 774 783 0
9 775 784 9
9 776 785 8
9 777 786 7
9 778 787 6
9 779 788 5
9 780 789 4
9 781 790 3
9 782 791 2
9 783 792 1
9 784 793 0
9 785 794 1
9 786 795 0
9 787 796 1
9 788 797 0
9 789 798 1
9 790 799 0
9 791 800 9
9 792 801 8
9 793 802 7
9 794 803 6
9 795 804 5
9 796 805 4
9 797 806 3
9 798 807 2
9 799 808 1
9 800 809 0
9 801 810 1
9 802 811 0
9 803 812 1
9 804 813 0
9 805 814 1
9 806 815 0
9 807 816 9
9 808 817 8
9 809 818 7
9 810 819 6
9 811 820 5
9 812 821 4
9 813 822 3
9 814 823 2
9 815 824 1
9 816 825 0
9 817 826 1
9 818 827 0
9 819 828 1
9 820 829 0
9 821 830 1
9 822 831 0
9 823 832 9
9 824 833 8
9 825 834 7
9 826 835 6
9 827 836 5
9 828 837 4
9 829 838 3
9 830 839 2
9 831 840 1
9 832 841 0
9 833 842 1
9 834 843 0
9 835 844 1
9 836 845 0
9 837 846 1
9 838 847 0
9 839 848 9
9 840 849 8
9 841 850 7
9 842 851 6
9 843 852 5
9 844 853 4
9 845 854 3
9 846 855 2
9 847 856 1
9 848 857 0
9 849 858 1
9 850 859 0
9 851 860 1
9 852 861 0
9 853 862 1
9 854 863 0
9 855 864 9
9 856 865 8
9 857 866 7
9 858 867 6
9 859 868 5
9 860 869 4
9 861 870 3
9 862 871 2
9 863 872 1
9 864 873 0
9 865 874 1
9 866 875 0
9 867 876 1
9 868 877 0
9 869 878 1
9 870 879 0
9 871 880 9
9 872 881 8
9 873 882 7
9 874 883 6
9 875 884 5
9 876 885 4
9 877 886 3
9 878 887 2
9 879 888 1
9 880 889 0
9 881 890 1
9 882 891 0
9 883 892 1
9 884 893 0
9 885 894 1
9 886 895 0
9 887 896 9
9 888 897 8
9 889 898 7
9 890 899 6
9 891 900 5
9 892 901 4
9 893 902 3
9 894 903 2
9 895 904 1
9 896 905 0
9 897 906 1
9 898 907 0
9 899 908 1
9 900 909 0
9 901 910 1
9 902 911 0
9 903 912 9
9 904 913 8
9 905 914 7
9 906 915 6
9 907 916 5
9 908 917 4
9 909 918 3
9 910 919 2
9 911 920 1
9 912 921 0
9 913 922 1
9 914 923 0
9 915 924 1
9 916 925 0
9 917 926 1
9 918 927 0
9 919 928 9
9 920 929 8
9 921 930 7
9 922 931 6
9 923 932 5
9 924 933 4
9 925 934 3
9 926 935 2
9 927 936 1
9 928 937 0
9 929 938 1
9 930 939 0
9 931 940 1
9 932 941 0
9 933 942 1
9 934 943 0
9 935 944 9
9 936 945 8
9 937 946 7
9 938 947 6
9 939 948 5
9 940 949 4
9 941 950 3
9 942 951 2
9 943 952 1
9 944 953 0
9 945 954 1
9 946 955 0
9 947 956 1
9 948 957 0
9 949 958 1
9 950 959 0
9 951 960 9
9 952 961 8
9 953 962 7
9 954 963 6
9 955 964 5
9 956 965 4
9 957 966 3
9 958 967 2
9 959 968 1
9 960 969 0
9 961 970 1
9 962 971 0
9 963 972 1
9 964 973 0
9 965 974 1
9 966 975 0
9 967 976 9
9 968 977 8
9 969 978 7
9 970 979 6
9 971 980 5
9 972 981 4
9 973 982 3
9 974 983 2
9 975 984 1
9 976 985 0
9 977 986 1
9 978 987 0
9 979 988 1
9 980 989 0
9 981 990 1
9 982 991 0
9 983 992 9
9 984 993 8
9 985 994 7
9 986 995 6
9 987 996 5
9 988 997 4
9 989 998 3
9 990 999 2
9 991 1000 1
9 992 1001 0
9 993 1002 1
9 994 1003 0
9 995 1004 1
9 996 1005 0
9 997 1006 1
9 998 1007 0
9 999 1008 9
9 1000 1009 8
